M=2;
g=9.81;
m=1;
L=0.5;
k1=0.1;
k2=0.2;
k3=0.3;
k4=0.4;