M=0.1;
g=9.81;
R=2;
L=0.02;
Km=0.001;
xend=10;